a0=6.551;
a1=0.7125;
a2=0.0063;
x = 411;
y=a0 + a1*x + a2*x^2